[0, 0]  	[0, 0]  	[0, 0]  	[0, 0]  	[0, 0]  	[0, 0]  	[0, 0]  	[0, 0]  	[0, 0]  	[0, 0]  	[0, 0]  	[0, 0]  	
[0, 0]  	[0, 0]  	[0, 0]  	[0, 0]  	[0, 0]  	[0, 0]  	[0, 0]  	[0, 0]  	[0, 0]  	[0, 0]  	[0, 0]  	[0, 1]  	
[0, 0]  	[0, 0]  	[0, 0]  	[0, 0]  	[0, 0]  	[0, 0]  	[0, 0]  	[0, 0]  	[0, 0]  	[0, 0]  	[0, 0]  	[0, 0]  	
[0, 0]  	[0, 0]  	[0, 0]  	[0, 0]  	[0, 0]  	[0, 0]  	[0, 0]  	[0, 0]  	[0, 0]  	[0, 0]  	[0, 0]  	[0, 0]  	
[0, 0]  	[0, 0]  	[0, 0]  	[0, 0]  	[0, 0]  	[0, 0]  	[0, 0]  	[0, 0]  	[0, 0]  	[0, 0]  	[0, 0]  	[0, 0]  	
[0, 0]  	[0, 0]  	[0, 0]  	[0, 0]  	[0, 0]  	[0, 0]  	[-1, -5]  	[-2, -5]  	[0, 0]  	[0, 0]  	[0, 0]  	[0, 0]  	
[0, 0]  	[0, 0]  	[0, 0]  	[0, 0]  	[0, 0]  	[0, 0]  	[0, -4]  	[-3, -8]  	[0, 0]  	[0, 0]  	[0, 0]  	[0, 0]  	
[0, 0]  	[0, 0]  	[0, 0]  	[0, 0]  	[0, 0]  	[0, 0]  	[0, 0]  	[0, 0]  	[0, 0]  	[0, 0]  	[0, 0]  	[0, 0]  	
[0, 0]  	[0, 0]  	[0, 0]  	[0, 0]  	[0, 0]  	[0, 0]  	[0, 0]  	[0, 0]  	[0, 0]  	[0, 0]  	[0, 0]  	[0, 0]  	

can you hear me now?how about now?
did this work?